<!doctype html>
<html lang="en">
<head>
  <meta charset="utf-8">
  <title>DATA</title>
  <link rel="stylesheet" type="text/css" href="/static/styles/styles.css">
</head>

<body>

<a href="./index.html"><h1>BIG DATA IS THE FUUUUUTURE</h1></a>


<div class = "table-div">
    <table>
        <h3>THE STATS FOR DATASET 11 </h3>
        
            
                <tr>
                    <td>variance</td>
                    <td>85777.51069866726</td>
                </tr>
                
            
                <tr>
                    <td>min</td>
                    <td>3</td>
                </tr>
                
            
                <tr>
                    <td>max</td>
                    <td>995</td>
                </tr>
                
            
                <tr>
                    <td>mean</td>
                    <td>494.34183673469386</td>
                </tr>
                
            
                <tr>
                    <td>range</td>
                    <td>992</td>
                </tr>
                
            
                <tr>
                    <td>std</td>
                    <td>292.8779791972542</td>
                </tr>
                
            
                <tr>
                    <td>median</td>
                    <td>446</td>
                </tr>
                
            
                <tr>
                    <td>sum</td>
                    <td>96891</td>
                </tr>
                
            
        
    </table>
</div>

<div class = "data-dump">
    <h4>the dataset was</h4>
    <p>3,6,9,10,10,20,22,23,23,36,38,41,42,54,55,56,56,67,67,69,71,75,78,87,93,99,105,124,157,165,186,191,195,197,201,206,213,213,222,226,234,235,236,238,239,247,248,254,255,265,275,278,284,290,296,297,300,301,306,309,310,321,325,329,331,335,338,340,342,344,352,367,369,369,371,375,377,379,392,393,395,397,400,403,409,410,413,418,420,426,427,428,432,432,435,436,438,441,451,454,460,478,479,480,481,492,533,536,537,538,540,542,543,546,546,552,556,562,568,571,581,591,595,600,608,628,629,630,645,647,651,659,675,681,682,683,689,692,702,726,731,740,741,741,751,755,785,785,790,793,798,801,809,813,824,827,834,835,835,836,840,843,848,851,852,855,861,867,869,881,884,887,890,893,895,895,896,903,907,909,918,921,921,935,945,948,949,955,955,960,961,962,985,986,989,995</p>
</div>